000022
000040
000044
000059
000087
000102
000103
000145
000154
000172
000185
000186
000195
000212
000224
000247
000254
000255
000310
000315
000319
000331
000335
000342
000357
000360
000362
000369
000382
000397
000423
000439
000451
000457
000472
000481
000485
000490
000553
000560
000590
000591
000601
000652
000804
000820
000827
000843
000851
000859
000870
000877
000889
000906
000907
000920
000924
000927
000932
000939
000958
000964
000985
000990
000996
001014
001026
001027
001037
001111
001112
001120
001126
001168
001178
001213
001214
001218
001224
001228
001243
001245
001258
001264
001266
001273
001278
001280
001286
001288
001291
001302
001331
001340
001361
001365
001370
001372
001377
001388
001403
001432
001434
001441
001459
001468
001478
001482
001485
001486
001495
001504
001519
001528
001542
001546
001548
001554
001558
001559
001573
001574
001585
001587
001594
001604
001606
001607
001609
001613
001635
001645
001650
001652
001655
001672
001674
001693
001695
001696
001699
001716
001732
001735
001750
001759
001763
001766
001769
001778
001796
001810
001821
001823
001863
001867
001904
001913
001983
001984
001985
002002
